45,33,4,3,27,38,6
8,8,33,7,40,4,28,12,14,32
29,46,10,1,30,5,3,22,50,7,3,7,48,43
37,8,16,10,37,10,37,9,41
22,25,19,3,23,39,18
27,37,20,49,16,21,24,28,45,24,47
8,49,24,1,3,10,38
47,32,12,50,23,34,47,12,25,10,46,28,14
33,31,21,23,5,5,15
43,8,41,37,8,20,27
13,37,13,39,2,22,27,1,6
28,31,2,11,34,44,15,19,35,13,29
46,26,17,32,29,32,26,24,18,21,31,43,5
14,23,3,9,43,13,48,42,50,26,12,46
1,44,18,28,13,25
45,38,3,10,2,44,15,42,44,17,44,50,1,43
6,49,20,29,43,42,8
26,45,49,33,32,33,49,46,38
19,43,9,42,2,35
5,26,25,33,10,30,44,31
18,35,41,10,4,27,21,14,41
8,42,32,12,21,4
5,30,5,16,28,18,43,44,13,17,38,22
9,24,43,20,29,10
6,48,31,28,34,18,24,9
21,28,41,24,47,23,3,32,39,30,7,39,5,25
30,5,10,10,31,19,45,37,15,40,28
9,45,48,16,24,22
9,15,15,50,37,48,31,43,8,23,30
40,36,30,25,5,9,31,24,45
16,18,38,12,20,3,1,17,5,20,42,37,21
19,13,35,7,35,20,35,8,18,31,31
49,49,31,7,14,43,2,50,41
33,36,12,23,46,16
17,14,10,38,9,21
45,37,1,21,32,26,35
34,38,8,17,41,8,32,47,46,6,46,14
35,15,40,21,37,14
8,9,25,30,19,28,44,43
7,6,21,32,21,46,31
14,42,46,18,15,47,39,8,45
24,38,46,27,6,27,12,6,47,11
44,47,27,44,3,34,30,1,24,28,4,49,15
34,47,26,14,36,35,11,20,41
32,17,25,5,12,14,42,34
16,3,45,16,46,7,29,30,18,11,10
22,49,27,9,19,6,48,39,44,40
25,28,21,13,30,16,17
2,10,2,4,31,32,18,19,20
41,27,13,48,29,29,43,40,4,26,22,11,7
30,46,18,17,22,25,34,20,29,17
33,35,31,5,15,39,40,34
43,17,26,3,26,22,45,47,8,27,34,3,27,30
26,39,25,24,49,11,21,10,27
7,32,42,23,17,12,17,49,38
28,22,7,12,17,9,29,35,11,8,40,49,35,36
33,38,22,40,21,41,10,46,33,6
48,36,15,33,43,17,12,9
17,31,29,41,43,42,29
8,33,15,13,36,9,2
8,7,1,48,28,12
37,12,47,30,31,24,12,16,45,49,38
9,47,12,6,32,6,31,44,14,24,27,4,34
41,19,17,44,37,47,6,17,4,28,40,6
39,41,44,31,50,1,35,46,20,36
40,24,29,8,44,27,11,49,26,29,16,11,18
2,31,31,31,16,11,4,10,48,48,43,38
16,27,21,18,7,36,6,5,30,16,38,25,41
18,35,15,31,5,11,1,46,44,26,8,11,32
34,44,37,7,39,11,47,17,5
35,41,10,21,29,31,13,48,43,23,32,8
46,43,26,32,24,9,22,37
21,43,20,35,28,12,27,28,36,27,29,32,15
39,6,26,31,39,13,14,22,28,33,28,39,8,34
38,13,10,36,37,29,36,41,29,44
20,8,22,43,41,16,15,49,28,16,34,18,1
32,34,15,22,43,44,35
2,7,19,44,32,36,23,44,10,7,38,49,35,7
49,36,22,29,28,42,36,31,30,17,45,46,6,4
1,16,38,37,16,13,45,42,24,39,5,29,31
14,16,3,38,36,22,15,30,15,45,32,14,6
13,36,29,11,39,26,32,45,12,41,23,28,33
21,12,49,21,41,41,35,6,44,25,20,2,20,45
32,38,44,30,41,2,41,36,23,30,21,35,15,22
4,12,34,13,32,28,37,6,25,49,48
27,38,19,35,11,15,6,21,17,2,5,16,41
31,31,42,8,13,34,22,9,32
50,22,31,30,12,2
10,49,13,32,17,8,6,23,7
10,28,10,10,23,35,29,43,17
24,12,30,9,45,20,18,10,18,27
33,48,46,27,12,15,18,45,14
15,35,15,12,8,31,19,43,47,49,36,14,30
19,48,45,38,38,36,41,42,21,12
2,6,25,23,34,17,12,31
27,28,28,49,38,40,3
8,26,9,2,39,43,5,38,22,21
40,23,4,49,39,15,44,2,23,46
14,3,43,36,10,41,2,24,34,7,44,38
6,32,17,14,29,48,32,47,27,15,16
